123405678
123450678
123054678
120354678
123405678
125304678
125034678
125304678
123405678
125364078
125360478
123405678
125063478
123405678
105263478
123405678
150263478
051263478
123405678
501263478
510263478
123405678
516203478
516230478
123405678
516237408
516237048
123405678
516237840
516237804
516237084
123405678
516207384
123405678
123405678
516270384
516072384
123405678
516702384
516720384
123405678
516728304
516728034
123405678
516708234
123405678
516078234
506178234
123405678
560178234
123405678
567108234
567180234
567081234
123405678
567801234
123405678
123045678
123540678
123504678
120534678
123405678
125034678
125304678
125340678
125346078
125306478
123405678
125036478
123405678
125630478
123405678
125637408
125637048
125607348
123405678
125670348
125673048
123405678
125673840
125673804
125670834
123405678
125678034
125670834
125607834
125067834
105267834
123405678
015267834
123405678
510267834
516207834
516027834
123405678
516720834
516702834
123405678
516782034
516780234
516708234
516078234
506178234
123405678
560178234
567108234
567180234
567081234
567801234
123450678
123405678
123045678
123405678
123540678
123546078
123506478
120536478
123405678
125036478
123405678
125630478
123405678
125637408
125637048
125637840
125637804
125637084
125607384
123405678
125670384
123405678
125678304
125678034
125670834
125607834
125067834
105267834
150267834
156207834
156027834
123405678
156720834
156702834
123405678
156782034
156780234
156708234
156078234
150678234
051678234
123405678
501678234
561078234
560178234
123405678
567108234
567018234
567810234
567801234
123405678
123045678
123540678
123504678
123405678
123564078
123560478
123506478
120536478
125036478
125306478
125360478
125364078
125364708
125360748
125063748
123405678
105263748
123405678
150263748
051263748
123405678
501263748
510263748
516203748
516273048
516270348
516072348
506172348
123405678
560172348
567102348
567120348
567123048
567123840
567123804
567120834
567102834
123405678
567182034
567180234
567081234
567801234
123405678
123450678
123054678
123405678
123504678
120534678
123405678
125034678
105234678
123405678
150234678
051234678
123405678
501234678
510234678
512034678
512304678
512340678
512346078
512306478
123405678
512360478
512063478
123405678
512603478
510623478
123405678
516023478
506123478
123405678
560123478
561023478
561203478
561230478
561234078
561234708
561230748
123405678
561237048
561207348
123405678
561270348
561072348
123405678
561702348
560712348
123405678
567012348
567102348
567120348
567123048
567123408
567123480
567123084
123405678
567120384
123405678
567128304
567128034
567108234
567180234
567081234
567801234
123450678
123405678
123045678
123405678
123540678
123504678
123405678
123564078
123560478
123564078
123504678
123054678
123504678
123405678
123405678
120534678
125034678
120534678
123504678
123540678
123504678
120534678
123405678
125034678
105234678
150234678
051234678
501234678
051234678
150234678
105234678
123405678
125034678
120534678
123504678
123540678
123045678
123405678
123405678
123405678
123540678
123546078
123506478
120536478
125036478
123405678
125630478
125036478
105236478
123405678
123405678
125036478
123405678
125630478
123405678
125637408
125637048
123405678
125637840
125637804
125637084
125607384
123405678
125067384
105267384
150267384
051267384
501267384
510267384
123405678
516207384
516027384
506127384
123405678
560127384
561027384
123405678
561720384
123405678
561728304
561728034
561708234
560718234
123405678
567018234
567810234
567801234
123405678
123045678
123405678
123540678
123405678
123546078
123506478
123405678
120536478
123405678
102536478
152036478
123405678
152630478
152637408
152637480
152637084
123405678
152607384
150627384
123405678
051627384
123405678
501627384
123405678
561027384
123405678
561720384
123405678
561728304
561728034
561708234
123405678
560718234
567018234
567810234
567801234
123405678
123450678
123054678
123504678
120534678
123405678
125034678
105234678
150234678
051234678
123405678
501234678
510234678
015234678
105234678
150234678
152034678
102534678
120534678
125034678
105234678
150234678
152034678
152304678
152340678
152346078
152306478
123405678
152036478
123405678
152630478
152603478
150623478
051623478
123405678
501623478
510623478
516023478
506123478
560123478
561023478
561203478
561230478
123405678
561237408
561237048
561237840
561237804
561237084
561207384
561270384
561072384
561702384
560712384
567012384
567102384
567120384
567123084
567123804
567123840
567123048
123405678
567123840
567123804
567120834
567128034
567108234
567018234
567810234
567801234
123405678
123450678
123054678
123504678
123564078
123560478
123567408
123567048
123567840
123567804
123567084
123560784
123506784
120536784
125036784
105236784
150236784
152036784
123405678
152630784
152603784
152673084
152670384
152678304
152678034
152670834
152607834
150627834
051627834
501627834
561027834
561720834
561702834
561782034
561780234
561708234
123405678
123045678
123405678
123540678
123504678
120534678
123405678
125034678
105234678
123405678
123405678
125034678
125304678
123405678
125364078
125360478
123405678
125367408
125367048
125360748
125063748
123405678
105263748
123405678
150263748
051263748
123405678
501263748
510263748
123405678
516203748
516023748
506123748
123405678
560123748
561023748
561203748
123405678
561273048
123405678
561273840
561273804
561270834
123405678
561072834
561702834
560712834
123405678
567012834
567102834
123405678
567182034
567180234
567081234
567801234
123405678
123450678
123405678
123450678
123054678
123504678
123405678
123564078
123504678
120534678
125034678
125304678
123405678
125364078
125360478
125063478
123405678
125603478
125630478
125603478
123405678
125630478
125036478
123405678
123405678
123405678
125306478
125360478
125063478
123405678
105263478
150263478
123405678
156203478
156230478
123405678
156237408
156237048
156230748
156203748
123405678
156273048
156270348
156273048
123405678
156273840
156273804
156270834
123405678
156072834
156702834
156782034
156702834
123405678
156072834
150672834
051672834
501672834
510672834
516072834
506172834
123405678
560172834
567102834
567012834
567102834
123405678
567182034
567180234
567081234
123405678
567801234
123405678
123450678
123054678
123405678
123405678
123504678
123405678
123564078
123560478
123567408
123567048
123560748
123567048
123405678
123567840
123567804
123567084
123560784
123506784
123056784
120356784
123405678
123056784
123405678
120356784
123056784
120356784
123405678
123405678
125306784
125360784
125306784
125360784
125063784
125603784
123405678
125673084
125670384
123405678
125678304
125678034
125670834
125607834
125067834
120567834
102567834
123405678
152067834
152607834
150627834
123405678
156027834
123405678
156720834
156702834
156782034
156780234
156708234
156078234
150678234
105678234
015678234
510678234
501678234
123405678
561078234
561708234
560718234
567018234
123405678
567810234
567801234
123405678
123450678
123054678
123405678
123504678
120534678
123504678
123564078
123560478
123567408
123567480
123567084
123560784
123506784
120536784
125036784
105236784
015236784
510236784
512036784
512630784
512603784
512673084
512670384
512678304
512678034
512670834
512607834
510627834
501627834
561027834
561720834
561702834
560712834
567012834
567102834
567182034
567180234
567081234
567801234
123405678
123450678
123054678
123405678
123504678
120534678
123405678
125034678
120534678
125034678
125304678
123405678
125364078
125360478
125367408
125367048
123405678
125367840
125367804
125367084
125360784
125063784
123405678
125603784
123405678
125673084
125670384
123405678
125678304
125678034
125670834
125607834
125067834
105267834
123405678
150267834
051267834
123405678
501267834
510267834
123405678
516207834
516027834
123405678
516720834
516027834
123405678
123405678
516720834
516702834
516072834
506172834
123405678
560172834
123405678
567102834
123405678
567182034
567180234
567081234
123405678
567801234
123405678
123045678
123540678
123504678
123564078
123560478
123506478
120536478
125036478
105236478
123405678
150236478
152036478
123405678
152630478
152603478
150623478
156023478
156203478
156230478
156237408
156237048
156237840
156237804
156237084
156207384
156270384
156278304
156278034
156270834
156072834
156702834
156782034
156780234
156708234
156078234
150678234
051678234
501678234
123405678
561078234
560178234
123405678
567108234
567018234
567810234
567801234
123405678
123045678
123540678
123504678
120534678
125034678
105234678
123405678
150234678
051234678
501234678
510234678
512034678
512304678
512340678
512304678
123405678
512364078
512360478
123405678
512367408
512367048
123405678
512367840
512367804
512367084
512360784
512306784
512360784
512063784
123405678
512603784
123405678
512673084
512673804
512670834
512678034
512670834
512607834
512067834
512607834
510627834
516027834
516207834
516270834
516072834
123405678
516702834
516782034
516780234
516708234
516078234
510678234
501678234
561078234
560178234
567108234
567018234
567810234
567801234
123405678
123045678
123405678
123540678
123504678
123405678
123564078
123560478
123405678
123567408
123567048
123560748
123506748
120536748
125036748
123405678
125630748
125603748
125063748
105263748
123405678
150263748
051263748
123405678
123405678
150263748
105263748
015263748
123405678
510263748
123405678
516203748
510263748
123405678
501263748
123405678
510263748
123405678
516203748
516023748
516203748
123405678
516273048
123405678
516273840
516273804
516270834
123405678
516072834
123405678
506172834
123405678
123405678
560172834
123405678
567102834
123405678
567182034
567180234
567081234
123405678
567801234
123405678
123045678
123405678
123540678
123504678
120534678
123405678
125034678
105234678
123405678
150234678
051234678
123405678
501234678
510234678
512034678
512304678
123405678
512364078
512360478
123405678
512367408
512367048
123405678
512367840
512367804
512367084
512360784
512063784
123405678
510263784
516203784
516023784
506123784
123405678
560123784
561023784
561203784
123405678
561273084
561273804
561270834
123405678
561072834
561702834
123405678
561782034
561780234
561708234
560718234
123405678
567018234
567810234
567801234
123405678
123045678
123405678
123540678
123546078
123506478
120536478
123405678
102536478
123405678
152036478
123405678
152630478
123405678
152637408
152637480
152637084
123405678
152607384
123405678
150627384
123405678
051627384
123405678
123405678
123405678
501627384
123405678
561027384
123405678
561720384
123405678
561728304
561728034
123405678
561708234
123405678
560718234
123405678
567018234
123405678
567810234
567801234
123405678
123405678
123045678
123405678
123540678
123504678
123564078
123560478
123567408
123567048
123405678
123567840
123567804
123567084
123560784
123506784
123056784
120356784
123405678
125306784
125036784
123405678
125630784
125603784
123405678
125673084
125670384
123405678
125678304
125678034
125670834
125607834
125067834
120567834
102567834
012567834
102567834
123405678
152067834
152607834
150627834
123405678
156027834
123405678
156720834
156728034
156708234
156078234
150678234
105678234
015678234
123405678
510678234
516078234
506178234
123405678
560178234
123405678
567108234
567018234
123405678
567810234
567801234
123405678
123450678
123054678
123405678
123504678
120534678
125034678
125304678
123405678
125364078
125360478
125063478
105263478
150263478
156203478
150263478
123405678
051263478
501263478
510263478
516203478
516023478
506123478
560123478
561023478
561203478
561230478
123405678
561237408
561237048
123405678
561237840
561237804
561237084
561207384
561027384
123405678
561720384
123405678
561728304
561728034
561708234
560718234
123405678
567018234
123405678
567810234
567801234
123405678
123045678
123405678
123540678
123546078
123506478
123405678
120536478
123405678
125036478
105236478
123405678
123405678
150236478
051236478
123405678
150236478
105236478
123405678
125036478
123405678
125630478
125036478
105236478
123405678
123405678
125036478
123405678
125630478
125036478
123405678
105236478
123405678
150236478
051236478
123405678
501236478
510236478
512036478
512306478
512360478
512063478
123405678
512603478
510623478
123405678
516023478
516203478
516230478
123405678
516237408
516237048
123405678
516237840
516237048
123405678
516207348
516270348
516072348
123405678
506172348
123405678
560172348
561072348
561702348
560712348
567012348
567102348
567120348
567123048
567123840
567123804
567120834
567128034
567108234
567180234
567081234
567801234
123405678
123405678
123405678
123405678
123045678
123405678
123540678
123546078
123506478
123405678
123560478
123405678
123567408
123567048
123560748
123506748
123056748
120356748
123405678
125306748
125036748
123405678
125630748
125603748
123405678
125673048
125670348
123405678
125673048
123405678
125673840
125673804
123405678
125670834
123405678
125678034
125670834
125607834
125067834
105267834
150267834
051267834
123405678
123405678
501267834
510267834
123405678
516207834
516027834
506127834
123405678
560127834
561027834
123405678
561720834
561702834
123405678
560712834
567012834
123405678
567102834
123405678
567182034
567180234
567081234
123405678
567801234
123405678
123045678
123540678
123504678
120534678
125034678
125304678
123405678
125364078
125360478
125306478
125360478
125306478
125036478
120536478
102536478
152036478
152630478
123405678
152637408
152637048
152630748
152634708
152630748
123405678
152634708
152634078
152630478
123405678
152637408
152637480
152637084
152607384
150627384
123405678
051627384
123405678
501627384
561027384
123405678
561720384
561728304
561728034
561708234
560718234
567018234
123405678
567810234
567801234
123405678
123045678
123405678
123540678
123546078
123506478
123405678
120536478
123405678
102536478
123405678
152036478
123405678
152630478
152637408
152637480
152637084
152607384
150627384
123405678
051627384
123405678
501627384
123405678
561027384
123405678
561720384
123405678
561728304
561728034
561708234
560718234
123405678
567018234
123405678
567810234
567801234
123405678
123450678
123054678
123504678
123564078
123560478
123506478
120536478
123405678
125036478
125630478
125637408
125637048
125630748
125603748
125063748
105263748
150263748
051263748
501263748
510263748
512063748
512360748
512364708
123405678
123045678
123405678
123540678
123504678
120534678
125034678
125304678
123405678
125364078
125360478
125063478
123405678
125603478
125630478
123405678
125637408
125637048
125607348
125670348
125673048
123405678
125673840
125673804
125670834
123405678
125607834
125067834
105267834
123405678
150267834
051267834
501267834
510267834
123405678
516207834
516027834
506127834
560127834
561027834
561720834
561702834
560712834
567012834
567102834
123405678
567182034
567180234
567081234
123405678
567801234
123405678
123450678
123054678
123405678
123504678
120534678
123405678
125034678
105234678
150234678
051234678
150234678
152034678
152304678
152364078
152360478
152367408
152367048
152360748
152063748
152603748
150623748
123405678
051623748
501623748
561023748
501623748
561023748
501623748
510623748
512603748
512630748
512637048
512637840
512637804
512637084
512607384
512670384
512678304
512678034
512670834
512607834
510627834
516027834
506127834
123405678
560127834
561027834
561720834
561702834
560712834
567012834
567102834
123405678
567182034
567180234
567081234
567801234
123405678
123045678
123405678
123540678
123546078
123546708
123546780
123546708
123546078
123506478
123405678
123560478
123405678
123567408
123567048
123405678
123567840
123567804
123567084
123560784
123506784
120536784
123405678
123405678
125036784
123405678
125630784
125637084
125607384
125670384
123405678
125678304
125678034
125670834
125607834
125067834
120567834
125067834
105267834
150267834
051267834
123405678
501267834
510267834
123405678
516207834
516027834
123405678
516720834
516702834
516072834
506172834
123405678
560172834
567102834
123405678
567182034
567180234
567081234
123405678
567801234
123405678
123450678
123054678
123405678
123504678
123405678
123564078
123560478
123506478
120536478
123405678
125036478
105236478
123405678
150236478
051236478
123405678
501236478
510236478
512036478
512630478
512637408
512637048
123405678
512637840
512637804
512637084
512607384
510627384
123405678
516027384
506127384
123405678
560127384
561027384
561720384
123405678
561728304
561728034
561708234
123405678
560718234
567018234
123405678
567810234
567801234
123405678
123045678
123405678
123540678
123504678
123405678
123564078
123560478
123405678
123567408
123567048
123405678
123567840
123567804
123567084
123560784
123405678
123506784
123056784
120356784
123405678
125306784
125036784
123405678
125630784
125603784
123405678
125673084
125670384
123405678
125678304
125678034
123405678
125670834
125607834
123405678
125067834
120567834
102567834
123405678
152067834
150267834
123405678
156207834
156027834
123405678
156720834
156702834
123405678
156782034
156780234
156708234
156078234
150678234
105678234
015678234
105678234
123405678
150678234
051678234
123405678
501678234
123405678
561078234
560178234
123405678
567108234
123405678
123405678
567180234
567081234
123405678
567801234
123405678
123405678
123450678
123054678
123405678
123504678
123405678
123564078
123504678
123405678
120534678
125034678
125304678
123405678
125364078
125360478
125063478
125603478
125630478
123405678
125637408
125637048
125607348
123405678
125067348
105267348
150267348
123405678
156207348
156027348
150627348
051627348
123405678
123405678
501627348
123405678
561027348
560127348
561027348
123405678
561720348
561702348
560712348
567012348
567102348
567120348
567123048
123405678
567123840
567123804
567123084
567120384
123405678
567128304
567128034
567108234
567180234
567081234
123405678
567801234
123405678
123450678
123054678
123504678
120534678
125034678
105234678
123405678
015234678
510234678
512034678
512304678
123405678
512364078
123405678
512364708
512360748
512063748
123405678
512603748
510623748
516023748
506123748
123405678
560123748
561023748
561203748
123405678
561273048
561273840
561273804
561270834
561072834
560172834
567102834
567182034
567180234
567108234
567180234
567081234
123405678
567801234
123405678
123045678
123540678
123504678
120534678
125034678
125304678
123405678
125364078
125364708
125360748
123405678
123405678
123405678
125063748
123405678
105263748
123405678
123405678
123405678
015263748
510263748
501263748
510263748
516203748
516023748
506123748
560123748
561023748
561203748
123405678
561273048
123405678
561273840
561273804
561270834
123405678
561072834
123405678
561702834
123405678
561782034
561702834
560712834
123405678
567012834
567102834
567182034
567180234
567081234
123405678
567801234
123405678
123405678
123045678
123540678
123504678
123564078
123560478
123564078
123560478
123506478
120536478
123405678
102536478
123405678
152036478
102536478
123405678
152036478
150236478
051236478
501236478
510236478
512036478
512630478
512603478
510623478
516023478
506123478
123405678
560123478
561023478
561203478
561230478
561203478
561230478
561234078
561230478
123405678
561237408
561237048
561207348
561027348
561720348
561702348
560712348
123405678
567012348
567102348
567120348
567123048
123405678
567123840
567123804
567120834
567128034
567108234
567180234
567081234
567801234